%% MATPOWER Case Format : Version 2
function mpc = 
mpc.version = '2';

%%-----  Power Flow Data  -----%%
%% system MVA base
mpc.baseMVA = 100.0;
%% bus data
%    bus_i    type    Pd    Qd    Gs    Bs    area    Vm    Va    baseKV    zone    Vmax    Vmin
mpc.bus = [
	1	3	0.0	0.0	0.0	0.0	1	1.0468	0.0	138.0	1	1.05	0.95				
	2	2	0.0	0.0	0.0	0.0	1	1.0467	0.0	138.0	1	1.05	0.95				
	3	1	0.0	0.0	0.0	0.0	1	1.0	0.0	138.0	1	1.05	0.95				
	4	1	0.0	0.0	0.0	0.0	1	1.0	0.0	138.0	1	1.05	0.95				
	5	1	0.0	0.0	0.0	0.0	1	1.0	0.0	138.0	1	1.05	0.95				
	6	1	0.0	0.0	0.0	0.0	1	1.0	0.0	138.0	1	1.05	0.95				
	7	2	0.0	0.0	0.0	0.0	1	1.05	0.0	138.0	1	1.05	0.95				
	8	1	0.0	0.0	0.0	0.0	1	1.0	0.0	138.0	1	1.05	0.95				
	9	1	0.0	0.0	0.0	0.0	1	1.0	0.0	138.0	1	1.05	0.95				
	10	1	0.0	0.0	0.0	0.0	1	1.0	0.0	138.0	1	1.05	0.95				
	11	1	0.0	0.0	0.0	0.0	1	1.0	0.0	230.0	1	1.05	0.95				
	12	1	0.0	0.0	0.0	0.0	1	1.0	0.0	230.0	1	1.05	0.95				
	13	1	0.0	0.0	0.0	0.0	1	1.0347	0.0	230.0	1	1.05	0.95				
	14	1	0.0	0.0	0.0	0.0	1	1.0	0.0	230.0	1	1.05	0.95				
	15	2	0.0	0.0	0.0	0.0	1	1.0428	0.0	230.0	1	1.05	0.95				
	16	2	0.0	0.0	0.0	0.0	1	1.0461	0.0	230.0	1	1.05	0.95				
	17	1	0.0	0.0	0.0	0.0	1	1.0	0.0	230.0	1	1.05	0.95				
	18	2	0.0	0.0	0.0	0.0	1	1.05	0.0	230.0	1	1.05	0.95				
	19	1	0.0	0.0	0.0	0.0	1	1.0	0.0	230.0	1	1.05	0.95				
	20	1	0.0	0.0	0.0	0.0	1	1.0	0.0	230.0	1	1.05	0.95				
	21	2	0.0	0.0	0.0	0.0	1	1.05	0.0	230.0	1	1.05	0.95				
	22	2	0.0	0.0	0.0	0.0	1	1.05	0.0	230.0	1	1.05	0.95				
	23	2	0.0	0.0	0.0	0.0	1	1.05	0.0	230.0	1	1.05	0.95				
	24	1	0.0	0.0	0.0	0.0	1	1.0	0.0	230.0	1	1.05	0.95				
	25	2	0.0	0.0	0.0	0.0	1	1.05	0.0	138.0	1	1.05	0.95				
	26	2	0.0	0.0	0.0	0.0	1	1.05	0.0	138.0	1	1.05	0.95				
	27	1	0.0	0.0	0.0	0.0	1	1.0	0.0	138.0	1	1.05	0.95				
	28	1	0.0	0.0	0.0	0.0	1	1.0	0.0	138.0	1	1.05	0.95				
	29	1	0.0	0.0	0.0	0.0	1	1.0	0.0	138.0	1	1.05	0.95				
	30	1	0.0	0.0	0.0	0.0	1	1.0	0.0	138.0	1	1.05	0.95				
	31	2	0.0	0.0	0.0	0.0	1	0.9699	0.0	138.0	1	1.05	0.95				
	32	1	0.0	0.0	0.0	0.0	1	1.0	0.0	138.0	1	1.05	0.95				
	33	1	0.0	0.0	0.0	0.0	1	1.0	0.0	138.0	1	1.05	0.95				
	34	1	0.0	0.0	0.0	0.0	1	1.0	0.0	138.0	1	1.05	0.95				
	35	1	0.0	0.0	0.0	0.0	1	1.0	0.0	230.0	1	1.05	0.95				
	36	1	0.0	0.0	0.0	0.0	1	1.0	0.0	230.0	1	1.05	0.95				
	37	2	0.0	0.0	0.0	0.0	1	1.05	0.0	230.0	1	1.05	0.95				
	38	1	0.0	0.0	0.0	0.0	1	1.0	0.0	230.0	1	1.05	0.95				
	39	2	0.0	0.0	0.0	0.0	1	1.0437	0.0	230.0	1	1.05	0.95				
	40	2	0.0	0.0	0.0	0.0	1	1.0473	0.0	230.0	1	1.05	0.95				
	41	1	0.0	0.0	0.0	0.0	1	1.0	0.0	230.0	1	1.05	0.95				
	42	2	0.0	0.0	0.0	0.0	1	1.05	0.0	230.0	1	1.05	0.95				
	43	1	0.0	0.0	0.0	0.0	1	1.0	0.0	230.0	1	1.05	0.95				
	44	1	0.0	0.0	0.0	0.0	1	1.0	0.0	230.0	1	1.05	0.95				
	45	2	0.0	0.0	0.0	0.0	1	1.05	0.0	230.0	1	1.05	0.95				
	46	2	0.0	0.0	0.0	0.0	1	1.05	0.0	230.0	1	1.05	0.95				
	47	2	0.0	0.0	0.0	0.0	1	1.05	0.0	230.0	1	1.05	0.95				
	48	1	0.0	0.0	0.0	0.0	1	1.0	0.0	230.0	1	1.05	0.95				
	49	2	0.0	0.0	0.0	0.0	1	1.05	0.0	138.0	1	1.05	0.95				
	50	2	0.0	0.0	0.0	0.0	1	1.05	0.0	138.0	1	1.05	0.95				
	51	1	0.0	0.0	0.0	0.0	1	1.0	0.0	138.0	1	1.05	0.95				
	52	1	0.0	0.0	0.0	0.0	1	1.0	0.0	138.0	1	1.05	0.95				
	53	1	0.0	0.0	0.0	0.0	1	1.0	0.0	138.0	1	1.05	0.95				
	54	1	0.0	0.0	0.0	0.0	1	1.0	0.0	138.0	1	1.05	0.95				
	55	2	0.0	0.0	0.0	0.0	1	0.9568	0.0	138.0	1	1.05	0.95				
	56	1	0.0	0.0	0.0	0.0	1	1.0	0.0	138.0	1	1.05	0.95				
	57	1	0.0	0.0	0.0	0.0	1	1.0	0.0	138.0	1	1.05	0.95				
	58	1	0.0	0.0	0.0	0.0	1	1.0	0.0	138.0	1	1.05	0.95				
	59	1	0.0	0.0	0.0	0.0	1	1.0	0.0	230.0	1	1.05	0.95				
	60	1	0.0	0.0	0.0	0.0	1	1.0	0.0	230.0	1	1.05	0.95				
	61	2	0.0	0.0	0.0	0.0	1	1.035	0.0	230.0	1	1.05	0.95				
	62	1	0.0	0.0	0.0	0.0	1	1.0	0.0	230.0	1	1.05	0.95				
	63	2	0.0	0.0	0.0	0.0	1	1.0422	0.0	230.0	1	1.05	0.95				
	64	2	0.0	0.0	0.0	0.0	1	1.0449	0.0	230.0	1	1.05	0.95				
	65	1	0.0	0.0	0.0	0.0	1	1.0	0.0	230.0	1	1.05	0.95				
	66	2	0.0	0.0	0.0	0.0	1	1.05	0.0	230.0	1	1.05	0.95				
	67	1	0.0	0.0	0.0	0.0	1	1.0	0.0	230.0	1	1.05	0.95				
	68	1	0.0	0.0	0.0	0.0	1	1.0	0.0	230.0	1	1.05	0.95				
	69	2	0.0	0.0	0.0	0.0	1	1.05	0.0	230.0	1	1.05	0.95				
	70	2	0.0	0.0	0.0	0.0	1	1.05	0.0	230.0	1	1.05	0.95				
	71	2	0.0	0.0	0.0	0.0	1	1.05	0.0	230.0	1	1.05	0.95				
	72	1	0.0	0.0	0.0	0.0	1	1.0	0.0	230.0	1	1.05	0.95				
	73	1	0.0	0.0	0.0	0.0	1	1.0	0.0	230.0	1	1.05	0.95				
];

%% generator data
%    bus    Pg    Qg    Qmax    Qmin    Vg    mBase    status    Pmax    Pmin    Pc1    Pc2    Qc1min    Qc1max    Qc2min    Qc2max    ramp_agc    ramp_10    ramp_30    ramp_q    apf
