function mpc = solved_network_RTS_GMLS_1p5xload+0emission+gen_and_line_expansion

%% MATPOWER Case Format : Version 2
mpc.version = '2';

%% system MVA base
mpc.baseMVA = 100.0;

%% bus data
%	bus_i	type	Pd	Qd	Gs	Bs	area	Vm	Va	baseKV	zone	Vmax	Vmin
mpc.bus = [
	1.0	1.0	0.0	0.0	0.0	0.0	1.0	1.047	0.0	138.0	1.0	1.05	0.95;
	2.0	2.0	0.0	0.0	0.0	0.0	1.0	1.047	0.0	138.0	1.0	1.05	0.95;
	3.0	3.0	0.0	0.0	0.0	0.0	1.0	1.0	0.0	138.0	1.0	1.05	0.95;
	4.0	4.0	0.0	0.0	0.0	0.0	1.0	1.0	0.0	138.0	1.0	1.05	0.95;
	5.0	5.0	0.0	0.0	0.0	0.0	1.0	1.0	0.0	138.0	1.0	1.05	0.95;
	6.0	6.0	0.0	0.0	0.0	0.0	1.0	1.0	0.0	138.0	1.0	1.05	0.95;
	7.0	7.0	0.0	0.0	0.0	0.0	1.0	1.05	0.0	138.0	1.0	1.05	0.95;
	8.0	8.0	0.0	0.0	0.0	0.0	1.0	1.0	0.0	138.0	1.0	1.05	0.95;
	9.0	9.0	0.0	0.0	0.0	0.0	1.0	1.0	0.0	138.0	1.0	1.05	0.95;
	10.0	10.0	0.0	0.0	0.0	0.0	1.0	1.0	0.0	138.0	1.0	1.05	0.95;
	11.0	11.0	0.0	0.0	0.0	0.0	1.0	1.0	0.0	230.0	1.0	1.05	0.95;
	12.0	12.0	0.0	0.0	0.0	0.0	1.0	1.0	0.0	230.0	1.0	1.05	0.95;
	13.0	13.0	0.0	0.0	0.0	0.0	1.0	1.035	0.0	230.0	1.0	1.05	0.95;
	14.0	14.0	0.0	0.0	0.0	0.0	1.0	1.0	0.0	230.0	1.0	1.05	0.95;
	15.0	15.0	0.0	0.0	0.0	0.0	1.0	1.043	0.0	230.0	1.0	1.05	0.95;
	16.0	16.0	0.0	0.0	0.0	0.0	1.0	1.046	0.0	230.0	1.0	1.05	0.95;
	17.0	17.0	0.0	0.0	0.0	0.0	1.0	1.0	0.0	230.0	1.0	1.05	0.95;
	18.0	18.0	0.0	0.0	0.0	0.0	1.0	1.05	0.0	230.0	1.0	1.05	0.95;
	19.0	19.0	0.0	0.0	0.0	0.0	1.0	1.0	0.0	230.0	1.0	1.05	0.95;
	20.0	20.0	0.0	0.0	0.0	0.0	1.0	1.0	0.0	230.0	1.0	1.05	0.95;
	21.0	21.0	0.0	0.0	0.0	0.0	1.0	1.05	0.0	230.0	1.0	1.05	0.95;
	22.0	22.0	0.0	0.0	0.0	0.0	1.0	1.05	0.0	230.0	1.0	1.05	0.95;
	23.0	23.0	0.0	0.0	0.0	0.0	1.0	1.05	0.0	230.0	1.0	1.05	0.95;
	24.0	24.0	0.0	0.0	0.0	0.0	1.0	1.0	0.0	230.0	1.0	1.05	0.95;
	25.0	25.0	0.0	0.0	0.0	0.0	1.0	1.05	0.0	138.0	1.0	1.05	0.95;
	26.0	26.0	0.0	0.0	0.0	0.0	1.0	1.05	0.0	138.0	1.0	1.05	0.95;
	27.0	27.0	0.0	0.0	0.0	0.0	1.0	1.0	0.0	138.0	1.0	1.05	0.95;
	28.0	28.0	0.0	0.0	0.0	0.0	1.0	1.0	0.0	138.0	1.0	1.05	0.95;
	29.0	29.0	0.0	0.0	0.0	0.0	1.0	1.0	0.0	138.0	1.0	1.05	0.95;
	30.0	30.0	0.0	0.0	0.0	0.0	1.0	1.0	0.0	138.0	1.0	1.05	0.95;
	31.0	31.0	0.0	0.0	0.0	0.0	1.0	0.9699	0.0	138.0	1.0	1.05	0.95;
	32.0	32.0	0.0	0.0	0.0	0.0	1.0	1.0	0.0	138.0	1.0	1.05	0.95;
	33.0	33.0	0.0	0.0	0.0	0.0	1.0	1.0	0.0	138.0	1.0	1.05	0.95;
	34.0	34.0	0.0	0.0	0.0	0.0	1.0	1.0	0.0	138.0	1.0	1.05	0.95;
	35.0	35.0	0.0	0.0	0.0	0.0	1.0	1.0	0.0	230.0	1.0	1.05	0.95;
	36.0	36.0	0.0	0.0	0.0	0.0	1.0	1.0	0.0	230.0	1.0	1.05	0.95;
	37.0	37.0	0.0	0.0	0.0	0.0	1.0	1.05	0.0	230.0	1.0	1.05	0.95;
	38.0	38.0	0.0	0.0	0.0	0.0	1.0	1.0	0.0	230.0	1.0	1.05	0.95;
	39.0	39.0	0.0	0.0	0.0	0.0	1.0	1.044	0.0	230.0	1.0	1.05	0.95;
	40.0	40.0	0.0	0.0	0.0	0.0	1.0	1.047	0.0	230.0	1.0	1.05	0.95;
	41.0	41.0	0.0	0.0	0.0	0.0	1.0	1.0	0.0	230.0	1.0	1.05	0.95;
	42.0	42.0	0.0	0.0	0.0	0.0	1.0	1.05	0.0	230.0	1.0	1.05	0.95;
	43.0	43.0	0.0	0.0	0.0	0.0	1.0	1.0	0.0	230.0	1.0	1.05	0.95;
	44.0	44.0	0.0	0.0	0.0	0.0	1.0	1.0	0.0	230.0	1.0	1.05	0.95;
	45.0	45.0	0.0	0.0	0.0	0.0	1.0	1.05	0.0	230.0	1.0	1.05	0.95;
	46.0	46.0	0.0	0.0	0.0	0.0	1.0	1.05	0.0	230.0	1.0	1.05	0.95;
	47.0	47.0	0.0	0.0	0.0	0.0	1.0	1.05	0.0	230.0	1.0	1.05	0.95;
	48.0	48.0	0.0	0.0	0.0	0.0	1.0	1.0	0.0	230.0	1.0	1.05	0.95;
	49.0	49.0	0.0	0.0	0.0	0.0	1.0	1.05	0.0	138.0	1.0	1.05	0.95;
	50.0	50.0	0.0	0.0	0.0	0.0	1.0	1.05	0.0	138.0	1.0	1.05	0.95;
	51.0	51.0	0.0	0.0	0.0	0.0	1.0	1.0	0.0	138.0	1.0	1.05	0.95;
	52.0	52.0	0.0	0.0	0.0	0.0	1.0	1.0	0.0	138.0	1.0	1.05	0.95;
	53.0	53.0	0.0	0.0	0.0	0.0	1.0	1.0	0.0	138.0	1.0	1.05	0.95;
	54.0	54.0	0.0	0.0	0.0	0.0	1.0	1.0	0.0	138.0	1.0	1.05	0.95;
	55.0	55.0	0.0	0.0	0.0	0.0	1.0	0.9568	0.0	138.0	1.0	1.05	0.95;
	56.0	56.0	0.0	0.0	0.0	0.0	1.0	1.0	0.0	138.0	1.0	1.05	0.95;
	57.0	57.0	0.0	0.0	0.0	0.0	1.0	1.0	0.0	138.0	1.0	1.05	0.95;
	58.0	58.0	0.0	0.0	0.0	0.0	1.0	1.0	0.0	138.0	1.0	1.05	0.95;
	59.0	59.0	0.0	0.0	0.0	0.0	1.0	1.0	0.0	230.0	1.0	1.05	0.95;
	60.0	60.0	0.0	0.0	0.0	0.0	1.0	1.0	0.0	230.0	1.0	1.05	0.95;
	61.0	61.0	0.0	0.0	0.0	0.0	1.0	1.035	0.0	230.0	1.0	1.05	0.95;
	62.0	62.0	0.0	0.0	0.0	0.0	1.0	1.0	0.0	230.0	1.0	1.05	0.95;
	63.0	63.0	0.0	0.0	0.0	0.0	1.0	1.042	0.0	230.0	1.0	1.05	0.95;
	64.0	64.0	0.0	0.0	0.0	0.0	1.0	1.045	0.0	230.0	1.0	1.05	0.95;
	65.0	65.0	0.0	0.0	0.0	0.0	1.0	1.0	0.0	230.0	1.0	1.05	0.95;
	66.0	66.0	0.0	0.0	0.0	0.0	1.0	1.05	0.0	230.0	1.0	1.05	0.95;
	67.0	67.0	0.0	0.0	0.0	0.0	1.0	1.0	0.0	230.0	1.0	1.05	0.95;
	68.0	68.0	0.0	0.0	0.0	0.0	1.0	1.0	0.0	230.0	1.0	1.05	0.95;
	69.0	69.0	0.0	0.0	0.0	0.0	1.0	1.05	0.0	230.0	1.0	1.05	0.95;
	70.0	70.0	0.0	0.0	0.0	0.0	1.0	1.05	0.0	230.0	1.0	1.05	0.95;
	71.0	71.0	0.0	0.0	0.0	0.0	1.0	1.05	0.0	230.0	1.0	1.05	0.95;
	72.0	72.0	0.0	0.0	0.0	0.0	1.0	1.0	0.0	230.0	1.0	1.05	0.95;
	73.0	73.0	0.0	0.0	0.0	0.0	1.0	1.0	0.0	230.0	1.0	1.05	0.95;
];

%% generator data
%	bus	Pg	Qg	Qmax	Qmin	Vg	mBase	status	Pmax	Pmin	Pc1	Pc2	Qc1min	Qc1max	Qc2min	Qc2max	ramp_agc	ramp_10	ramp_30	ramp_q	apf
